           0           0   0.0000000000000000     
           5           0   0.0000000000000000     
          10           0   0.0000000000000000     
          15           0   0.0000000000000000     
          20           0   0.0000000000000000     
          25           0   0.0000000000000000     
          30           0   0.0000000000000000     
          35           0   0.0000000000000000     
          40           0   0.0000000000000000     
          45           0   0.0000000000000000     
          50           0   0.0000000000000000     
          55           0   0.0000000000000000     
          60           0   0.0000000000000000     
          65           0   0.0000000000000000     
          70           0   0.0000000000000000     
          75           0   0.0000000000000000     
          80           0   0.0000000000000000     
          85           0   0.0000000000000000     
          90           0   0.0000000000000000     
          95           0   0.0000000000000000     
         100           0   0.0000000000000000     
         105           0   0.0000000000000000     
         110           0   0.0000000000000000     
         115           0   0.0000000000000000     
         120           0   0.0000000000000000     
         125           0   0.0000000000000000     
         130           0   0.0000000000000000     
         135           0   0.0000000000000000     
         140           0   0.0000000000000000     
         145           0   0.0000000000000000     
         150           0   0.0000000000000000     
         155           0   0.0000000000000000     
         160           0   0.0000000000000000     
         165           0   0.0000000000000000     
         170           0   0.0000000000000000     
         175           0   0.0000000000000000     
         180           0   0.0000000000000000     
         185           0   0.0000000000000000     
         190           0   0.0000000000000000     
         195           0   0.0000000000000000     
         200           0   0.0000000000000000     

           0           5   0.0000000000000000     
           5           5   2.6484986618815176     
          10           5   5.4278674289850422     
          15           5   8.4437930532016257     
          20           5   11.794460941156689     
          25           5   15.565989752959341     
          30           5   19.827379531520890     
          35           5   24.625053804087287     
          40           5   29.977235686632028     
          45           5   35.868568358808069     
          50           5   42.245550578767705     
          55           5   49.013481649693887     
          60           5   56.035666419463354     
          65           5   63.135587455132764     
          70           5   70.102581710052689     
          75           5   76.701250203574148     
          80           5   82.684393065566042     
          85           5   87.808742453095832     
          90           5   91.852239598829669     
          95           5   94.631171758515961     
         100           5   96.015257129906416     
         105           5   95.938824755408575     
         110           5   94.406614053338288     
         115           5   91.493376196604316     
         120           5   87.337287077183802     
         125           5   82.128020030748445     
         130           5   76.091008480758504     
         135           5   69.469824907137479     
         140           5   62.508656907187621     
         145           5   55.436600924663921     
         150           5   48.455013295470124     
         155           5   41.728581935956100     
         160           5   35.380229649145612     
         165           5   29.489518249977525     
         170           5   24.093934906060579     
         175           5   19.192312260775687     
         180           5   14.749638540268718     
         185           5   10.702615466708920     
         190           5   6.9654800176994227     
         195           5   3.4357845909823763     
         200           5   0.0000000000000000     

           0          10   0.0000000000000000     
           5          10   5.4278674289850422     
          10          10   11.124165539065496     
          15          10   17.306578660450270     
          20          10   24.177601808623795     
          25          10   31.915268458179604     
          30          10   40.662837302191363     
          35          10   50.517583021963148     
          40          10   61.519163457750459     
          45          10   73.638389310269019     
          50          10   86.767562043194488     
          55          10   100.71381777621751     
          60          10   115.19705530646455     
          65          10   129.85396557330913     
          70          10   144.24935585507296     
          75          10   157.89533920059438     
          80          10   170.27805209006937     
          85          10   180.89045500560678     
          90          10   189.26862257302849     
          95          10   195.02796489020866     
         100          10   197.89528117495712     
         105          10   197.73262791133357     
         110          10   194.54977119514785     
         115          10   188.50341216710888     
         120          10   179.88318485717679     
         125          10   169.08626923699441     
         130          10   156.58395689991801     
         135          10   142.88435772363775     
         140          10   128.49551987862733     
         145          10   113.89262456051105     
         150          10   99.491834063573947     
         155          10   85.632105486168314     
         160          10   72.565097049057599     
         165          10   60.452371824268162     
         170          10   49.368526158638637     
         175          10   39.308632661098891     
         180          10   30.198429892384638     
         185          10   21.905927656312116     
         190          10   14.253441391708447     
         195          10   7.0294469055410751     
         200          10   0.0000000000000000     

           0          15   0.0000000000000000     
           5          15   8.4437930532016257     
          10          15   17.306578660450270     
          15          15   26.930417338692017     
          20          15   37.634220959689024     
          25          15   49.699532830538992     
          30          15   63.354568169609067     
          35          15   78.756688533535453     
          40          15   95.973994013686848     
          45          15   114.96727939897895     
          50          15   135.57415737777285     
          55          15   157.49762394679871     
          60          15   180.30162711923830     
          65          15   203.41618265939712     
          70          15   226.15414455345632     
          75          15   247.74080093227488     
          80          15   267.35602164283074     
          85          15   284.18684411728560     
          90          15   297.48640539901851     
          95          15   306.63339244180258     
         100          15   311.18512864498041     
         105          15   310.91742127317701     
         110          15   305.84555176062037     
         115          15   296.22319922892717     
         120          15   282.51923233988907     
         125          15   265.37553518588408     
         130          15   245.55163946430724     
         135          15   223.86336903024903     
         140          15   201.12274856581263     
         145          15   178.08524747000342     
         150          15   155.40846463546507     
         155          15   133.62415003526968     
         160          15   113.12347155666831     
         165          15   94.153962191465197     
         170          15   76.825725312026478     
         175          15   61.124189245336296     
         180          15   46.926858722385902     
         185          15   34.021955636648798     
         190          15   22.127431007977798     
         195          15   10.909448194374004     
         200          15   0.0000000000000000     

           0          20   0.0000000000000000     
           5          20   11.794460941156689     
          10          20   24.177601808623795     
          15          20   37.634220959689024     
          20          20   52.617746832753227     
          25          20   69.530778081824835     
          30          20   88.702962679125704     
          35          20   110.36635545555320     
          40          20   134.62910466299078     
          45          20   161.44912270909705     
          50          20   190.61022571576788     
          55          20   221.70397952293942     
          60          20   254.12102533825691     
          65          20   287.05579781043446     
          70          20   319.52809409767190     
          75          20   350.42373194859050     
          80          20   378.55447291030521     
          85          20   402.73459248231325     
          90          20   421.86831076392241     
          95          20   435.03936043804924     
         100          20   441.59201285644275     
         105          20   441.19260255092354     
         110          20   433.86238854918093     
         115          20   419.97637886223771     
         120          20   400.22786395245771     
         125          20   375.56373698006013     
         130          20   347.09995747742903     
         135          20   316.02875627890683     
         140          20   283.52902738786264     
         145          20   250.68916210459827     
         150          20   218.44820048944854     
         155          20   187.55757380241587     
         160          20   158.56265371849236     
         165          20   131.80121866082663     
         170          20   107.41486622384099     
         175          20   85.369190881103975     
         180          20   65.478957115666446     
         185          20   47.435272906452568     
         190          20   30.832692900489995     
         195          20   15.195097584666247     
         200          20   0.0000000000000000     

           0          25   0.0000000000000000     
           5          25   15.565989752959341     
          10          25   31.915268458179604     
          15          25   49.699532830538992     
          20          25   69.530778081824835     
          25          25   91.956329951898738     
          30          25   117.42999229473217     
          35          25   146.27931781471034     
          40          25   178.66993517629072     
          45          25   214.56894660329414     
          50          25   253.71057877954649     
          55          25   295.56841397036249     
          60          25   339.33947185153812     
          65          25   383.94590319745708     
          70          25   428.05977437963321     
          75          25   470.15503149906328     
          80          25   508.58799816116789     
          85          25   541.70370762616346     
          90          25   567.96044564739827     
          95          25   586.06000536086628     
         100          25   595.06758416105572     
         105          25   594.50423918630463     
         110          25   584.39719161226697     
         115          25   565.27905200672694     
         120          25   538.13523734184218     
         125          25   504.30756748072361     
         130          25   465.36899541931251     
         135          25   422.98784585972908     
         140          25   378.79922483630730     
         145          25   334.29720192636319     
         150          25   290.75560716508971     
         155          25   249.17955623944798     
         160          25   210.28532380858780     
         165          25   174.50341409270254     
         170          25   141.99854517054689     
         175          25   112.70037889875107     
         180          25   86.339729430082912     
         185          25   62.486269032267721     
         190          25   40.585128223062426     
         195          25   19.991070340462922     
         200          25   0.0000000000000000     

           0          30   0.0000000000000000     
           5          30   19.827379531520890     
          10          30   40.662837302191363     
          15          30   63.354568169609067     
          20          30   88.702962679125704     
          25          30   117.42999229473217     
          30          30   150.14311301745403     
          35          30   187.29342117132191     
          40          30   229.12893367146145     
          45          30   275.64524324881188     
          50          30   326.53737087235436     
          55          30   381.15830440742457     
          60          30   438.49128474086444     
          65          30   497.14405368422524     
          70          30   555.37352693846447     
          75          30   611.14809281993792     
          80          30   662.25139102419030     
          85          30   706.42575705936497     
          90          30   741.54598087444174     
          95          30   765.80597706940898     
         100          30   777.89448772683158     
         105          30   777.13328754788051     
         110          30   763.55418928911263     
         115          30   737.89983069199798     
         120          30   701.54637665379562     
         125          30   656.36069881344224     
         130          30   604.51612669829706     
         135          30   548.29608184688118     
         140          30   489.91281301696949     
         145          30   431.36081067425141     
         150          30   374.31460059471971     
         155          30   320.07160838792055     
         160          30   269.53445137500159     
         165          30   223.22373423694623     
         170          30   181.31166510538620     
         175          30   143.66770726329040     
         180          30   109.90923988320944     
         185          30   79.452240465983763     
         190          30   51.558967785524672     
         195          30   25.381331304763094     
         200          30   0.0000000000000000     

           0          35   0.0000000000000000     
           5          35   24.625053804087287     
          10          35   50.517583021963148     
          15          35   78.756688533535453     
          20          35   110.36635545555320     
          25          35   146.27931781471034     
          30          35   187.29342117132191     
          35          35   234.01975130515586     
          40          35   286.82311665045353     
          45          35   345.75713331654424     
          50          35   410.49816977456311     
          55          35   480.28472403084140     
          60          35   553.87128076522345     
          65          35   629.50797470686598     
          70          35   704.95880093564324     
          75          35   777.57063932061897     
          80          35   844.40178451378029     
          85          35   902.41109191707972     
          90          35   948.69745377253946     
          95          35   980.76602232267135     
         100          35   996.78590157611552     
         105          35   995.79795932208037     
         110          35   977.83413963109126     
         115          35   943.92244531747087     
         120          35   895.97301075489929     
         125          35   836.56515494478094     
         130          35   768.67504869891036     
         135          35   695.39170955130805     
         140          35   619.66365964138004     
         145          35   544.10387523677525     
         150          35   470.86350515694994     
         155          35   401.57085429280551     
         160          35   337.32373546336993     
         165          35   278.72016699806710     
         170          35   225.91292009955492     
         175          35   178.67588374392938     
         180          35   136.47335195154616     
         185          35   98.526411372563217     
         190          35   63.873272650544664     
         195          35   31.422535116278549     
         200          35   0.0000000000000000     

           0          40   0.0000000000000000     
           5          40   29.977235686632028     
          10          40   61.519163457750459     
          15          40   95.973994013686848     
          20          40   134.62910466299078     
          25          40   178.66993517629072     
          30          40   229.12893367146145     
          35          40   286.82311665045353     
          40          40   352.28022851051423     
          45          40   425.65534983751849     
          50          40   506.64220399986567     
          55          40   594.38643641886824     
          60          40   687.41179121761991     
          65          40   783.57413060442036     
          70          40   880.06185957223977     
          75          40   973.46297015453899     
          80          40   1059.9162561106107     
          85          40   1135.3548512720604     
          90          40   1195.8332661394218     
          95          40   1237.9070555652963     
         100          40   1259.0131883743547     
         105          40   1257.7863576362799     
         110          40   1234.2475417893643     
         115          40   1189.8191913306441     
         120          40   1127.1558263196362     
         125          40   1049.8217072042744     
         130          40   961.88279813222289     
         135          40   867.49314146430629     
         140          40   770.54251001434318     
         145          40   674.40303418512849     
         150          40   581.78236632036601     
         155          40   494.66985100415468     
         160          40   414.35239337848827     
         165          40   341.47558130925626     
         170          40   276.12920149115030     
         175          40   217.94152841634488     
         180          40   166.17191755499809     
         185          40   119.79557590863102     
         190          40   77.577760923799843     
         195          40   38.137162049130687     
         200          40   0.0000000000000000     

           0          45   0.0000000000000000     
           5          45   35.868568358808069     
          10          45   73.638389310269019     
          15          45   114.96727939897895     
          20          45   161.44912270909705     
          25          45   214.56894660329414     
          30          45   275.64524324881188     
          35          45   345.75713331654424     
          40          45   425.65534983751849     
          45          45   515.65790642356615     
          50          45   615.53391553861616     
          55          45   724.38263823162174     
          60          45   840.51979988234893     
          65          45   961.38962620486632     
          70          45   1083.5283909457689     
          75          45   1202.6115248283033     
          80          45   1313.6173993489365     
          85          45   1411.1310985502923     
          90          45   1489.7867942969142     
          95          45   1544.8104113907993     
         100          45   1572.5862758178366     
         105          45   1571.1460778363391     
         110          45   1540.4744972842550     
         115          45   1482.5486940036951     
         120          45   1401.0834927411761     
         125          45   1301.0322937795199     
         130          45   1187.9624990191592     
         135          45   1067.4458425185007     
         140          45   944.57113129098298     
         145          45   823.62692087570588     
         150          45   707.94847720658663     
         155          45   599.89369563987816     
         160          45   500.90491166262916     
         165          45   411.61863843794839     
         170          45   331.99496779220362     
         175          45   261.44797443194977     
         180          45   198.96617911085724     
         185          45   143.21773654818537     
         190          45   92.638891268256870     
         195          45   45.506856874380830     
         200          45   0.0000000000000000     

           0          50   0.0000000000000000     
           5          50   42.245550578767705     
          10          50   86.767562043194488     
          15          50   135.57415737777285     
          20          50   190.61022571576788     
          25          50   253.71057877954649     
          30          50   326.53737087235436     
          35          50   410.49816977456311     
          40          50   506.64220399986567     
          45          50   615.53391553861616     
          50          50   737.10533807782917     
          55          50   870.49256297937848     
          60          50   1013.8674975453702     
          65          50   1164.2852563965721     
          70          50   1317.5803663434790     
          75          50   1468.3599669051741     
          80          50   1610.1532576340858     
          85          50   1735.7715125966088     
          90          50   1837.8988697437160     
          95          50   1909.8705845293621     
         100          50   1946.5256172955544     
         105          50   1944.9743163418218     
         110          50   1905.1082261116646     
         115          50   1829.6986017472386     
         120          50   1724.0093957217041     
         125          50   1595.0001385515582     
         130          50   1450.3407405422556     
         135          50   1297.4986336022639     
         140          50   1143.0734643682872     
         145          50   992.42621455129142     
         150          50   849.55751592568117     
         155          50   717.15557298782312     
         160          50   596.73897594261348     
         165          50   488.83954092351229     
         170          50   393.19055701284293     
         175          50   308.90121566829487     
         180          50   234.60821412431153     
         185          50   168.60183467112253     
         190          50   108.92757481724993     
         195          50   53.466646253376737     
         200          50   0.0000000000000000     

           0          55   0.0000000000000000     
           5          55   49.013481649693887     
          10          55   100.71381777621751     
          15          55   157.49762394679871     
          20          55   221.70397952293942     
          25          55   295.56841397036249     
          30          55   381.15830440742457     
          35          55   480.28472403084140     
          40          55   594.38643641886824     
          45          55   724.38263823162174     
          50          55   870.49256297937848     
          55          55   1032.0229411024036     
          60          55   1207.1300302108116     
          65          55   1392.5738893842326     
          70          55   1583.5018649284000     
          75          55   1773.3275929009947     
          80          55   1953.8055691256729     
          85          55   2115.4172883020615     
          90          55   2248.1449393672738     
          95          55   2342.5937080761605     
         100          55   2391.2863092281300     
         105          55   2389.8804446636937     
         110          55   2338.0440322758918     
         115          55   2239.7041581486492     
         120          55   2102.4603475574258     
         125          55   1936.2565123297757     
         130          55   1751.7613729371353     
         135          55   1558.9778914669484     
         140          55   1366.3645459231029     
         145          55   1180.4668757508509     
         150          55   1005.9108764837047     
         155          55   845.59590052993303     
         160          55   700.96854710268383     
         165          55   572.30767685263424     
         170          55   458.98569807908348     
         175          55   359.69210435173375     
         180          55   272.61631780946766     
         185          55   195.59234247141217     
         190          55   126.21027588309559     
         195          55   61.900886749293804     
         200          55   0.0000000000000000     

           0          60   0.0000000000000000     
           5          60   56.035666419463354     
          10          60   115.19705530646455     
          15          60   180.30162711923830     
          20          60   254.12102533825691     
          25          60   339.33947185153812     
          30          60   438.49128474086444     
          35          60   553.87128076522345     
          40          60   687.41179121761991     
          45          60   840.51979988234893     
          50          60   1013.8674975453702     
          55          60   1207.1300302108116     
          60          60   1418.6671598395062     
          65          60   1645.1548118994426     
          70          60   1881.1953675296795     
          75          60   2118.9827980881591     
          80          60   2348.1762772308607     
          85          60   2556.2164842272527     
          90          60   2729.3047847759508     
          95          60   2854.0450611560377     
         100          60   2919.4273840460146     
         105          60   2918.7440496191361     
         110          60   2851.1231216779784     
         115          60   2722.1897743083509     
         120          60   2543.2112694790076     
         125          60   2328.7461109763940     
         130          60   2093.8259229639070     
         135          60   1851.8114053246936     
         140          60   1613.3344525399298     
         145          60   1386.1029921711231     
         150          60   1175.1764838918523     
         155          60   983.41676085247184     
         160          60   811.95426820211219     
         165          60   660.60193863881364     
         170          60   528.19693425729326     
         175          60   412.87142625428976     
         180          60   312.26111453481337     
         185          60   223.66198130081688     
         190          60   144.14551499894858     
         195          60   70.641900094600786     
         200          60   0.0000000000000000     

           0          65   0.0000000000000000     
           5          65   63.135587455132764     
          10          65   129.85396557330913     
          15          65   203.41618265939712     
          20          65   287.05579781043446     
          25          65   383.94590319745708     
          30          65   497.14405368422524     
          35          65   629.50797470686598     
          40          65   783.57413060442036     
          45          65   961.38962620486632     
          50          65   1164.2852563965721     
          55          65   1392.5738893842326     
          60          65   1645.1548118994426     
          65          65   1919.0048937381396     
          70          65   2208.5519802453628     
          75          65   2504.9801767552103     
          80          65   2795.6558366926479     
          85          65   3064.1087084799033     
          90          65   3291.1741979347989     
          95          65   3457.5010276432763     
         100          65   3546.6603970836036     
         105          65   3547.9894952399368     
         110          65   3459.2450911334245     
         115          65   3288.5076867837938     
         120          65   3053.1416135443837     
         125          65   2775.2213670103911     
         130          65   2476.2359555764706     
         135          65   2173.8345890606715     
         140          65   1880.9083507295022     
         145          65   1605.9981734635080     
         150          65   1354.1432238116188     
         155          65   1127.7332858991269     
         160          65   927.22008395005321     
         165          65   751.66855336821516     
         170          65   599.16991322581680     
         175          65   467.14559539527056     
         180          65   352.56766431222519     
         185          65   252.11598327397553     
         190          65   162.28780484659191     
         195          65   79.472238226347272     
         200          65   0.0000000000000000     

           0          70   0.0000000000000000     
           5          70   70.102581710052689     
          10          70   144.24935585507296     
          15          70   226.15414455345632     
          20          70   319.52809409767190     
          25          70   428.05977437963321     
          30          70   555.37352693846447     
          35          70   704.95880093564324     
          40          70   880.06185957223977     
          45          70   1083.5283909457689     
          50          70   1317.5803663434790     
          55          70   1583.5018649284000     
          60          70   1881.1953675296795     
          65          70   2208.5519802453628     
          70          70   2560.5614416656067     
          75          70   2928.0995077432799     
          80          70   3296.4788784972779     
          85          70   3644.3887371969913     
          90          70   3944.8222007439390     
          95          70   4169.3361696201500     
         100          70   4293.4201219404085     
         105          70   4299.8008484302627     
         110          70   4182.4328836330214     
         115          70   3952.5895332948244     
         120          70   3638.7144312810105     
         125          70   3276.0160868850849     
         130          70   2895.5302526862879     
         135          70   2519.8066985668729     
         140          70   2163.3898441934675     
         145          70   1834.7333083821261     
         150          70   1538.0107181770913     
         155          70   1274.4771183297835     
         160          70   1043.4223087657926     
         165          70   842.82475314044723     
         170          70   669.79880808815687     
         175          70   520.90091783389937     
         180          70   392.33857001935462     
         185          70   280.11093213896345     
         190          70   180.10072781470504     
         195          70   88.131343062595320     
         200          70   0.0000000000000000     

           0          75   0.0000000000000000     
           5          75   76.701250203574148     
          10          75   157.89533920059438     
          15          75   247.74080093227488     
          20          75   350.42373194859050     
          25          75   470.15503149906328     
          30          75   611.14809281993792     
          35          75   777.57063932061897     
          40          75   973.46297015453899     
          45          75   1202.6115248283033     
          50          75   1468.3599669051741     
          55          75   1773.3275929009947     
          60          75   2118.9827980881591     
          65          75   2504.9801767552103     
          70          75   2928.0995077432799     
          75          75   3380.5046984167748     
          80          75   3846.9241887607977     
          85          75   4300.8478792262449     
          90          75   4703.0587055177393     
          95          75   5010.0544676340378     
         100          75   5186.8195733890961     
         105          75   5206.1547336317071     
         110          75   5050.1860993097798     
         115          75   4732.2289161350109     
         120          75   4304.2535198680944     
         125          75   3826.4971172206947     
         130          75   3343.0389869788237     
         135          75   2880.1255840279546     
         140          75   2451.7703825365625     
         145          75   2064.4918403464726     
         150          75   1720.2862957043592     
         155          75   1418.4015465444697     
         160          75   1156.4030291208940     
         165          75   930.82785938481743     
         170          75   737.59446398519333     
         175          75   572.26307335501156     
         180          75   430.20177038391665     
         185          75   306.69014209253089     
         190          75   196.98012683329543     
         195          75   96.326995682298872     
         200          75   0.0000000000000000     

           0          80   0.0000000000000000     
           5          80   82.684393065566042     
          10          80   170.27805209006937     
          15          80   267.35602164283074     
          20          80   378.55447291030521     
          25          80   508.58799816116789     
          30          80   662.25139102419030     
          35          80   844.40178451378029     
          40          80   1059.9162561106107     
          45          80   1313.6173993489365     
          50          80   1610.1532576340858     
          55          80   1953.8055691256729     
          60          80   2348.1762772308607     
          65          80   2795.6558366926479     
          70          80   3296.4788784972779     
          75          80   3846.9241887607977     
          80          80   4435.4699973346633     
          85          80   5033.8572342196212     
          90          80   5582.5045507859340     
          95          80   6005.0600039707551     
         100          80   6260.9344495955911     
         105          80   6316.5474950976686     
         110          80   6112.8964328332804     
         115          80   5650.1587236039750     
         120          80   5046.3068712766435     
         125          80   4411.9414458647543     
         130          80   3801.9359613145152     
         135          80   3239.4693658141459     
         140          80   2733.2403501507169     
         145          80   2284.9881509513975     
         150          80   1892.8907798552812     
         155          80   1553.2464298332045     
         160          80   1261.3594011441342     
         165          80   1012.0260291301100     
         170          80   799.80905248203544     
         175          80   619.19512188665760     
         180          80   464.68410799992819     
         185          80   330.83569080247196     
         190          80   212.28721755486254     
         195          80   103.75138953309093     
         200          80   0.0000000000000000     

           0          85   0.0000000000000000     
           5          85   87.808742453095832     
          10          85   180.89045500560678     
          15          85   284.18684411728560     
          20          85   402.73459248231325     
          25          85   541.70370762616346     
          30          85   706.42575705936497     
          35          85   902.41109191707972     
          40          85   1135.3548512720604     
          45          85   1411.1310985502923     
          50          85   1735.7715125966088     
          55          85   2115.4172883020615     
          60          85   2556.2164842272527     
          65          85   3064.1087084799033     
          70          85   3644.3887371969913     
          75          85   4300.8478792262449     
          80          85   5033.8572342196212     
          85          85   5832.3982068844216     
          90          85   6617.6187128587180     
          95          85   7183.6768776147983     
         100          85   7544.1311224265773     
         105          85   7710.5539308691832     
         110          85   7485.5159040008075     
         115          85   6724.8999033816435     
         120          85   5836.2578772343913     
         125          85   4999.0463850657261     
         130          85   4244.2749630231356     
         135          85   3576.1202984644874     
         140          85   2991.3374418356257     
         145          85   2483.8626436307381     
         150          85   2046.5812736357811     
         155          85   1672.1121031086686     
         160          85   1353.1488832390976     
         165          85   1082.5968583642966     
         170          85   853.61730378951552     
         175          85   659.63179388634217     
         180          85   494.30794570815027     
         185          85   351.53472424154972     
         190          85   225.38993323448352     
         195          85   110.10096351409142     
         200          85   0.0000000000000000     

           0          90   0.0000000000000000     
           5          90   91.852239598829669     
          10          90   189.26862257302849     
          15          90   297.48640539901851     
          20          90   421.86831076392241     
          25          90   567.96044564739827     
          30          90   741.54598087444174     
          35          90   948.69745377253946     
          40          90   1195.8332661394218     
          45          90   1489.7867942969142     
          50          90   1837.8988697437160     
          55          90   2248.1449393672738     
          60          90   2729.3047847759508     
          65          90   3291.1741979347989     
          70          90   3944.8222007439390     
          75          90   4703.0587055177393     
          80          90   5582.5045507859340     
          85          90   6617.6187128587180     
          90          90   8100.0000000000000     
          95          90   8550.0000000000000     
         100          90   9000.0000000000000     
         105          90   9450.0000000000000     
         110          90   9900.0000000000000     
         115          90   7856.7820054534786     
         120          90   6585.1263595630771     
         125          90   5529.7159192669842     
         130          90   4631.1702905197180     
         135          90   3863.2592439296877     
         140          90   3207.2268613896631     
         145          90   2647.7271012883048     
